country,n_months,missing_rate_mean,avg_cloudFree,level_mean_logmean,level_median_logmean,trend_slope_logmean,persistence_acf1,volatility_std_dlogmean,avg_spatial_std,future_volatility,label_energy_insecure
Angola,84,0.011904761904761904,8.04579012345679,0.22583249775301234,0.22474227267790678,-0.0003227722165256189,0.3229471534563638,0.05101464622066847,3.339084337349397,0.05406258448505651,0
Argentina,84,0.011904761904761904,12.265382716049382,0.40787063700183573,0.406797553341943,-0.0005114442360091326,0.5103804163735327,0.0441384718948494,4.317313253012048,0.04329787586510551,0
Australia,84,0.011904761904761904,12.569074074074074,0.2295895299542994,0.22554067591393126,-0.0012160790505467188,0.5948733268666693,0.0527767928132356,4.9118674698795175,0.053269722067969615,0
Azerbaijan,84,0.011904761904761904,11.875654320987655,0.5749494697104093,0.5822156198526637,-0.0013028473752004592,0.4087657939114945,0.06646137347676351,4.277325301204819,0.06416567533425027,0
Belgium,84,0.011904761904761904,11.443098765432099,1.7633627331083617,1.7690024821054389,-0.0006966892497428302,0.2994369116384265,0.10285677458648289,12.089903614457832,0.1619210162978459,1
Brazil,84,0.011904761904761904,7.273209876543213,0.35465261074746823,0.35136084911496357,-0.00014107504468200988,0.3926377423802701,0.047537304735255616,3.941867469879519,0.04056803171581379,0
Cambodia,84,0.011904761904761904,4.787000000000001,0.19875946799149874,0.1930966299619131,1.5816902124842953e-05,0.4481166537796716,0.08578740540315799,0.8357469879518072,0.09590452152887803,1
Canada,84,0.011904761904761904,13.85783950617284,0.6125810633364603,0.6243328645595856,-0.0004556790893456781,0.4688288650730976,0.13716872544067546,2.4627951807228916,0.09483103002038053,0
Chile,84,0.011904761904761904,12.48641975308642,0.3699964011280274,0.36672427979173383,-0.0004712695203921833,0.5281641691222277,0.06228923633200935,2.770216867469879,0.060661324347854546,0
China,84,0.011904761904761904,11.652814814814814,0.47813131596418074,0.47436908675537554,-0.0003101315924702793,0.3234415268426099,0.04801591596167816,2.9661204819277103,0.044421920137908154,0
Colombia,84,0.011904761904761904,3.8813950617283948,0.32776715879843815,0.32425505268262117,-4.724252828623271e-05,0.37240436731637283,0.050430162737264604,3.570228915662651,0.06337327426138356,0
Comoros,84,0.011904761904761904,10.3900987654321,0.22689384147940428,0.2295231582782488,-0.00035651119744571245,0.43297834102465244,0.04998108680787021,0.34602409638554216,0.05628985991386285,0
"Congo, Dem Rep of the",84,0.011904761904761904,4.676172839506172,0.213583548172188,0.20782684720231648,-0.0001491863409888068,0.25246287970195064,0.06216047102049314,1.7552771084337349,0.055183024587228416,0
Dominica,84,0.011904761904761904,8.535987654320989,0.403610201967261,0.4054651081081644,-0.002085428961926836,0.8184904868211783,0.04556697371314051,0.9453373493975903,0.04749473984565643,0
Ethiopia,84,0.011904761904761904,8.98806172839506,0.21919764617137188,0.2151113796169455,-0.0005253633648526793,0.4150509461993896,0.05191777245571758,1.1500120481927711,0.05804052444497507,0
France,84,0.011904761904761904,11.72356790123457,0.906855563183995,0.9074517832069507,-0.0014768625592005396,0.6249791434969199,0.04362105730020817,7.294445783132531,0.06856509044151296,0
Germany,84,0.011904761904761904,10.960987654320988,0.9100877685329347,0.8919980393051105,-0.0007048532435262444,0.3653313943904147,0.08997815087121189,4.470722891566266,0.1490177895872492,1
Greenland,84,0.011904761904761904,8.61995061728395,0.5090246286610041,0.6232610530957788,0.00029468002528403015,0.5649729120440218,0.2844120745648137,0.3856626506024096,0.2581008301649341,1
Kazakhstan,84,0.011904761904761904,14.475580246913582,0.3988909597438195,0.38594244161930047,-0.0017004431260669729,0.500692233337631,0.0761855824249361,22.896084337349397,0.11598707607027976,1
"Korea, South",84,0.011904761904761904,10.153098765432098,1.5258178670106664,1.5280109137383713,0.0005749097122097834,0.5756361806408402,0.09245376964257489,10.444457831325302,0.10160489440413616,1
Morocco,84,0.011904761904761904,14.424802469135804,0.5164202899870304,0.5158131652770298,7.031016657468347e-05,0.4121915692571353,0.036740249150971425,3.5333373493975904,0.039451386705136135,0
Netherlands,84,0.011904761904761904,11.074975308641974,2.0990700486518503,2.122021989214954,-0.000838107039244032,0.5494242987634922,0.10840919929122592,87.71327710843373,0.14906349503962646,1
Norway,84,0.011904761904761904,8.572617283950619,0.6525156101655043,0.7476353658440151,-0.0003008447078507861,0.5900229988435425,0.2927688091823689,3.546409638554217,0.2547758919571832,1
Pakistan,84,0.011904761904761904,13.246259259259261,0.4278174699072194,0.42264993286226527,-0.00047763584456429254,0.5333759619418409,0.047572139714044046,2.9883734939759035,0.04811130995619587,0
United Arab Emirates,84,0.011904761904761904,15.106012345679012,1.7175415253792303,1.7186509974074167,0.0009446537693447818,0.50955319919869,0.0452294500136829,25.668,0.054295915338110644,0
United States,84,0.011904761904761904,13.09548148148148,0.7808184975181977,0.7993073763883359,-0.000765208172277183,0.6921932467619393,0.07961138461201224,6.757951807228915,0.07736173678687312,0

